FairyClash ui/bitmap1.png		
0.06 162 63 10 9
0.06 175 63 18 18
0.06 196 63 20 19
0.06 220 63 16 17
0.06 239 63 12 11
0.06 254 63 9 8

PlayerBomb ui/soldier.png			
0.016 7 669 23 23
0.016 30 669 23 23
0.016 55 669 23 23
0.016 78 669 23 23
0.016 103 669 23 23
0.016 128 669 23 23
0.016 154 669 23 23
0.016 178 669 23 23
0.016 199 669 23 23
0.016 221 669 23 23
0.016 245 669 23 23
0.016 270 669 23 23

PlayerBall ui/soldier.png			
0.03 10 2857 30 36
0.03 42 2857 30 36
0.03 79 2857 34 36
0.03 119 2857 35 36
0.03 164 2857 40 36
0.03 209 2857 40 36
0.03 255 2857 40 36
0.03 298 2857 38 36
0.03 338 2857 40 36

Fairy ui/fairyIdle.png
0.06 5   5  76 58
0.06 92  5  76 58
0.06 177 5  76 58
0.06 5   92 76 58

EffectSlash ui/effect1.png
0.04 17 624 182 167
0.04 206 624 182 167
0.04 396 624 182 167
0.04 586 624 182 167
0.032 776 624 182 167
0.032 17 799 182 167
0.032 207 799 182 167

Sparkle Effect/Sparkle.png
0.06 0 0 170.665 170.65
0.06 170.665 0 170.665 170.65
0.06 341.33 0 170.665 170.65
0.06 511.995 0 170.665 170.65
0.06 170.66 170.65 170.665 170.65
0.06 341.325 170.65 170.665 170.65
0.06 511.99 170.65 170.665 170.65
0.06 170.655 341.299 170.665 170.65

CartoonBoom Effect/CartoonBoom.png
0.06 0 0 170.665 170.65
0.06 170.665 0 170.665 170.65
0.06 341.33 0 170.665 170.65
0.06 511.995 0 170.665 170.65
0.06 170.66 170.65 170.665 170.65
0.06 341.325 170.65 170.665 170.65
0.06 511.99 170.65 170.665 170.65
0.06 170.655 341.299 170.665 170.65

Cristal Effect/Cristal.png
0.08 0 0 256 256
0.08 256 0 256 256
0.08 0 256 256 256
0.08 256 256 256 256

Cristal2 Effect/Cristal2.png
0.08 0 0 256 256
0.08 256 0 256 256
0.08 0 256 256 256
0.08 256 256 256 256

Ghost Effect/Ghost.png
0.08 0 0 64 64
0.08 64 0 64 64
0.08 0 64 64 64
0.08 64 64 64 64

Fire Effect/Fire.png
0.06 0 0 200 200
0.06 200 0 200 200
0.06 400 0 200 200
0.06 600 0 200 200
0.06 0 200 200 200
0.06 200 200 200 200
0.06 400 200 200 200
0.06 600 200 200 200
0.06 0 400 200 200
0.06 200 400 200 200
0.06 400 400 200 200
0.06 600 400 200 200
0.06 0 600 200 200
0.06 200 600 200 200
0.06 400 600 200 200
0.06 600 600 200 200

FirePang Effect/FirePang.png
0.06 0 0 256 256
0.06 256 0 256 256
0.06 512 0 256 256
0.06 768 0 256 256
0.06 0 256 256 256
0.06 256 256 256 256
0.06 512 256 256 256
0.06 768 256 256 256

Shock Effect/Shock.png
0.06 0 0 170.665 170.65
0.06 170.665 0 170.665 170.65
0.06 341.33 0 170.665 170.65
0.06 511.995 0 170.665 170.65
0.06 170.66 170.65 170.665 170.65
0.06 341.325 170.65 170.665 170.65

VX Effect/VX.png
0.06 0 0 96 96
0.06 96 0 96 96
0.06 192 0 96 96
0.06 288 0 96 96
0.06 384 0 96 96
0.06 0 96 96 96
0.06 96 96 96 96
0.06 192 96 96 96
0.06 288 96 96 96
0.06 384 96 96 96
0.06 0 192 96 96
0.06 96 192 96 96
0.06 192 192 96 96
0.06 288 192 96 96

Boom.png Effect/Boom.png
0.06 00 0 51.2 51.2
0.06 51.2 0 51.2 51.2
0.06 102.4 0 51.2 51.2
0.06 153.6 0 51.2 51.2
0.06 204.8 0 51.2 51.2
0.06 0 51.2 51.2 51.2
0.06 51.2 51.2 51.2 51.2
0.06 102.4 51.2 51.2 51.2
0.06 153.6 51.2 51.2 51.2
0.06 204.8 51.2 51.2 51.2
0.06 0 102.4 51.2 51.2
0.06 51.2 102.4 51.2 51.2
0.06 102.4 102.4 51.2 51.2
0.06 153.6 102.4 51.2 51.2
0.06 204.8 102.4 51.2 51.2
0.06 0 153.6 51.2 51.2
0.06 51.2 153.6 51.2 51.2

Circle.png Effect/Circle.png
0.06 0 0 93.9962 92.424
0.06 93.9962 0 93.9962 92.424
0.06 187.992 0 93.9962 92.424
0.06 281.989 0 93.9962 92.424
0.06 375.985 0 93.9962 92.424
0.06 469.981 0 93.9962 92.424
0.06 563.977 0 93.9962 92.424
0.06 93.9737 92.424 93.9962 92.424
0.06 187.97 92.424 93.9962 92.424
0.06 281.966 92.424 93.9962 92.424
0.06 375.962 92.424 93.9962 92.424
0.06 469.959 92.424 93.9962 92.424
0.06 563.955 92.424 93.9962 92.424
0.06 93.9512 184.848 93.9962 92.424
0.06 187.947 184.848 93.9962 92.424
0.06 281.944 184.848 93.9962 92.424
0.06 375.94 184.848 93.9962 92.424
0.06 469.936 184.848 93.9962 92.424
0.06 563.932 184.848 93.9962 92.424
0.06 93.9286 277.272 93.9962 92.424
0.06 187.925 277.272 93.9962 92.424
0.06 281.921 277.272 93.9962 92.424
0.06 375.917 277.272 93.9962 92.424
0.06 469.914 277.272 93.9962 92.424
0.06 563.91 277.272 93.9962 92.424
0.06 93.9061 369.696 93.9962 92.424
0.06 187.902 369.696 93.9962 92.424
0.06 281.899 369.696 93.9962 92.424
0.06 375.895 369.696 93.9962 92.424
0.06 469.891 369.696 93.9962 92.424
0.06 563.887 369.696 93.9962 92.424
0.06 93.8836 462.12 93.9962 92.424
0.06 187.88 462.12 93.9962 92.424
0.06 281.876 462.12 93.9962 92.424
0.06 375.872 462.12 93.9962 92.424
0.06 469.869 462.12 93.9962 92.424
0.06 563.865 462.12 93.9962 92.424
0.06 93.8611 554.544 93.9962 92.424
0.06 187.857 554.544 93.9962 92.424
0.06 281.854 554.544 93.9962 92.424
0.06 375.85 554.544 93.9962 92.424
0.06 469.846 554.544 93.9962 92.424

end

